TestData/Generated_1_20/R160_10240.clq
Grah of 160 vertices, 10240 edges, density 0.805031
Minimum weighted vertex cover: [ 1 2 3 4 5 6 7 8 9 10 11 12 13 14 15 16 17 18 19 20 21 22 23 24 25 26 27 29 30 31 32 33 34 35 36 37 38 39 40 41 42 43 44 45 46 47 48 49 50 51 52 53 54 55 56 57 58 59 60 61 62 63 64 65 66 67 68 69 70 71 72 73 74 75 77 78 79 80 81 82 83 85 86 87 88 89 90 91 92 93 94 95 96 97 98 99 100 101 102 103 104 105 106 107 108 109 110 111 113 114 115 116 117 118 119 121 122 123 124 125 126 127 128 129 130 131 132 133 134 135 136 137 138 139 140 141 142 143 144 145 146 147 148 149 150 151 152 153 154 155 156 157 158 159 160 ], total weight: 1601

real	0m0.022s
user	0m0.022s
sys	0m0.000s
TestData/Generated_1_20/R160_10.clq
Grah of 160 vertices, 0 edges, density 0
Minimum weighted vertex cover: [ 32 38 42 91 127 142 159 160 ], total weight: 57

real	0m0.002s
user	0m0.002s
sys	0m0.000s
TestData/Generated_1_20/R160_1280.clq
Grah of 160 vertices, 1280 edges, density 0.100629
Minimum weighted vertex cover: [ 1 2 3 7 8 9 10 11 12 13 14 15 16 18 19 20 21 22 24 26 27 28 29 30 31 33 34 35 36 37 38 39 40 41 45 47 48 51 52 53 54 55 58 60 61 62 63 64 65 66 67 70 71 72 73 74 78 79 80 82 83 84 85 86 87 88 89 90 91 92 94 95 96 97 98 99 100 101 102 103 104 106 107 108 110 111 112 115 116 117 118 119 120 121 122 123 124 125 126 127 128 129 130 131 132 133 135 137 138 139 140 142 143 144 145 146 149 150 151 152 153 155 157 158 159 160 ], total weight: 1215

real	4m16.362s
user	4m16.041s
sys	0m0.100s
TestData/Generated_1_20/R160_160.clq
Grah of 160 vertices, 34 edges, density 0.00267296
Minimum weighted vertex cover: [ 1 4 5 7 8 10 11 16 17 18 19 20 23 30 32 33 35 36 38 40 42 44 46 47 48 50 53 55 57 58 61 62 69 70 73 76 77 78 85 87 88 90 91 92 98 100 101 102 113 115 118 120 122 124 125 128 133 135 136 138 140 141 142 145 147 151 152 153 154 155 156 157 159 160 ], total weight: 560

real	0m0.004s
user	0m0.003s
sys	0m0.001s
TestData/Generated_1_20/R160_20.clq
Grah of 160 vertices, 0 edges, density 0
Minimum weighted vertex cover: [ 4 27 31 32 44 45 53 87 91 95 122 124 145 149 152 153 159 ], total weight: 91

real	0m0.002s
user	0m0.002s
sys	0m0.000s
TestData/Generated_1_20/R160_2560.clq
Grah of 160 vertices, 2560 edges, density 0.201258
Minimum weighted vertex cover: [ 1 2 3 5 6 7 8 9 10 11 12 13 14 16 18 20 21 22 23 24 25 27 28 29 30 31 32 33 34 35 36 37 38 39 40 41 42 43 44 45 46 47 48 49 51 52 53 55 56 57 58 59 61 62 64 65 66 67 68 69 70 71 72 73 74 75 76 79 80 81 82 83 84 85 86 87 88 89 90 91 92 94 97 98 99 100 101 102 103 104 105 107 108 109 110 111 112 113 114 115 116 117 118 119 120 121 122 123 126 127 128 129 130 131 132 133 134 135 136 137 138 139 140 141 142 143 144 147 148 149 150 151 152 153 155 156 157 158 159 160 ], total weight: 1342

real	0m8.393s
user	0m8.384s
sys	0m0.003s
TestData/Generated_1_20/R160_320.clq
Grah of 160 vertices, 187 edges, density 0.0147013
Minimum weighted vertex cover: [ 3 5 8 10 11 13 15 16 18 19 20 21 23 27 28 30 31 32 33 35 36 37 38 39 40 42 46 47 48 50 52 54 55 56 57 66 69 70 71 72 73 75 79 80 84 87 88 91 92 95 96 97 98 100 101 102 108 109 110 111 113 116 118 119 122 123 124 126 130 131 132 133 134 135 138 139 143 144 145 146 147 148 150 153 154 155 157 158 159 ], total weight: 726

real	0m3.820s
user	0m3.811s
sys	0m0.001s
TestData/Generated_1_20/R160_40.clq
Grah of 160 vertices, 0 edges, density 0
Minimum weighted vertex cover: [ 1 3 4 6 9 15 16 22 23 27 32 38 42 43 53 55 58 66 75 78 91 95 99 106 108 113 124 138 139 141 142 145 153 ], total weight: 212

real	0m0.002s
user	0m0.002s
sys	0m0.000s
TestData/Generated_1_20/R160_5120.clq
Grah of 160 vertices, 5120 edges, density 0.402516
Minimum weighted vertex cover: [ 1 2 3 4 5 6 7 8 9 10 11 12 13 14 15 16 17 18 19 20 21 22 23 25 26 27 28 29 30 31 32 33 34 35 36 37 38 39 41 42 43 44 45 46 47 48 49 50 51 52 53 55 57 58 59 60 61 62 63 64 65 66 67 68 69 70 71 72 73 74 75 76 77 78 79 80 81 82 83 84 86 87 88 89 91 92 93 94 95 96 97 98 99 100 101 102 103 104 105 106 107 108 109 110 111 112 113 114 115 116 117 118 119 120 121 122 123 124 125 126 127 128 129 130 131 132 133 134 135 136 137 138 139 140 143 145 147 148 149 150 151 152 153 154 156 157 158 159 160 ], total weight: 1474

real	0m0.252s
user	0m0.250s
sys	0m0.000s
TestData/Generated_1_20/R160_640.clq
Grah of 160 vertices, 640 edges, density 0.0503145
Minimum weighted vertex cover: [ 1 2 5 6 7 8 9 10 11 12 13 14 15 18 20 21 22 24 27 28 30 31 32 33 34 35 36 37 38 39 40 46 47 50 51 52 53 54 55 56 58 60 65 66 67 70 71 72 73 80 83 84 85 86 87 89 91 92 94 95 96 97 100 101 102 104 105 106 111 113 114 115 116 117 118 119 120 121 122 123 124 125 126 127 128 129 130 131 132 133 134 135 137 138 141 143 144 145 146 147 148 149 150 151 152 153 155 156 157 158 ], total weight: 989

real	5m48.342s
user	5m48.074s
sys	0m0.007s
TestData/Generated_1_20/R160_80.clq
Grah of 160 vertices, 3 edges, density 0.000235849
Minimum weighted vertex cover: [ 2 3 4 15 16 21 23 24 30 31 32 38 40 42 47 49 52 53 58 70 73 82 85 87 90 101 106 108 111 113 120 122 123 124 125 127 131 132 135 138 139 140 141 147 153 154 157 159 160 ], total weight: 384

real	0m0.002s
user	0m0.002s
sys	0m0.000s
TestData/Generated_1_20/R320_10240.clq

real	10m0.001s
user	9m59.279s
sys	0m0.096s
TestData/Generated_1_20/R320_10.clq
Grah of 320 vertices, 0 edges, density 0
Minimum weighted vertex cover: [ 63 89 181 182 205 254 284 298 318 319 ], total weight: 88

real	0m0.002s
user	0m0.002s
sys	0m0.000s
TestData/Generated_1_20/R320_1280.clq

real	10m0.001s
user	9m59.756s
sys	0m0.000s
TestData/Generated_1_20/R320_160.clq
Grah of 320 vertices, 6 edges, density 0.000117555
Minimum weighted vertex cover: [ 1 2 8 9 10 11 17 18 19 20 21 25 28 31 36 37 38 40 43 46 61 63 66 70 74 76 77 79 83 85 87 90 91 92 94 95 96 97 105 107 109 110 114 115 120 122 124 137 142 143 145 152 154 156 159 169 173 174 175 176 179 181 182 183 184 187 189 193 194 196 205 216 218 221 222 226 230 233 243 244 245 248 250 254 255 257 258 268 269 270 276 277 282 290 293 300 302 303 306 307 309 ], total weight: 785

real	0m0.002s
user	0m0.002s
sys	0m0.000s
TestData/Generated_1_20/R320_20480.clq
Grah of 320 vertices, 20480 edges, density 0.401254
Minimum weighted vertex cover: [ 1 2 3 4 5 6 7 8 9 10 11 12 13 14 15 16 18 19 20 21 22 23 24 25 26 27 28 29 30 31 33 34 35 36 37 38 39 40 41 42 43 44 45 46 47 48 49 50 51 52 53 54 55 56 57 58 59 60 61 62 63 64 65 66 67 68 69 70 71 72 73 74 75 76 77 78 79 80 81 82 83 86 87 88 89 90 91 92 93 94 95 96 97 98 99 100 101 102 103 104 105 106 107 108 109 110 111 112 113 114 115 116 117 118 119 121 122 123 124 125 126 127 128 129 130 131 132 133 134 135 136 137 138 139 140 141 142 144 145 146 147 148 149 150 151 152 153 154 155 156 157 158 159 160 161 162 163 164 165 166 167 168 170 171 172 173 174 175 176 177 178 179 180 181 182 183 184 185 186 187 188 189 190 191 192 193 195 196 197 198 199 200 201 202 204 205 206 207 208 209 210 211 212 213 214 215 216 217 218 219 221 222 224 225 226 227 228 229 230 231 232 235 236 237 238 239 240 242 243 244 245 246 247 248 249 250 251 252 253 254 255 256 257 258 259 260 261 262 263 264 265 266 267 268 269 270 271 272 273 274 275 276 277 278 279 280 281 282 283 284 285 286 287 288 289 290 291 292 293 294 295 296 297 298 299 300 301 302 303 304 305 306 307 309 310 311 312 313 314 315 316 317 318 319 320 ], total weight: 3173

real	0m25.880s
user	0m25.871s
sys	0m0.000s
TestData/Generated_1_20/R320_20.clq
Grah of 320 vertices, 0 edges, density 0
Minimum weighted vertex cover: [ 54 61 63 76 87 105 106 145 150 181 182 205 243 247 290 298 304 305 318 319 ], total weight: 136

real	0m0.002s
user	0m0.002s
sys	0m0.000s
TestData/Generated_1_20/R320_2560.clq

real	10m0.001s
user	9m59.585s
sys	0m0.066s
TestData/Generated_1_20/R320_320.clq
Grah of 320 vertices, 70 edges, density 0.00137147
Minimum weighted vertex cover: [ 5 8 10 13 14 15 16 18 19 20 21 25 27 28 29 30 31 37 39 40 43 45 48 51 56 64 66 68 69 71 74 75 76 79 82 83 94 95 97 101 103 107 108 109 110 111 112 113 114 115 119 120 122 123 126 128 137 138 139 144 145 147 154 159 160 163 167 168 173 174 176 179 180 181 183 184 189 192 193 194 196 201 202 208 212 216 220 221 226 228 230 231 233 235 236 237 239 243 244 245 246 247 251 252 254 258 259 260 261 262 263 264 266 270 271 274 276 277 282 284 285 288 290 292 293 294 303 305 306 307 309 311 314 315 317 318 320 ], total weight: 1110

real	0m0.021s
user	0m0.021s
sys	0m0.000s
TestData/Generated_1_20/R320_40960.clq
Grah of 320 vertices, 40960 edges, density 0.802508
Minimum weighted vertex cover: [ 1 2 3 4 5 6 7 8 9 10 11 12 13 14 15 16 17 18 19 20 21 22 23 24 25 26 27 28 29 30 31 32 33 34 35 37 38 39 40 41 42 43 44 45 46 47 48 49 50 51 52 53 54 55 56 57 58 59 60 61 62 63 64 65 66 67 68 69 70 71 72 73 74 75 76 77 78 79 80 81 82 83 84 85 86 87 88 89 90 91 92 93 94 95 96 97 98 99 100 101 102 103 104 105 106 107 108 109 110 111 113 114 115 116 117 118 119 120 121 122 124 125 126 127 128 129 130 131 132 133 134 135 136 137 138 139 140 141 142 143 144 145 146 147 148 149 150 151 152 153 154 155 156 157 158 159 160 161 162 163 164 165 166 167 168 169 170 171 172 173 174 175 176 177 178 179 180 181 182 183 184 185 187 188 189 190 191 192 193 194 195 196 197 198 199 200 201 202 203 204 205 206 207 208 209 210 211 212 213 214 215 216 217 218 219 220 221 222 223 224 225 226 227 228 229 230 231 232 233 234 235 236 237 238 239 240 241 242 243 244 245 246 247 248 249 250 251 252 253 254 255 256 257 258 259 260 261 262 263 264 265 266 267 268 269 270 271 272 273 274 275 276 277 278 279 280 281 282 284 285 286 287 288 289 290 291 292 293 294 295 296 297 298 299 300 301 302 303 304 305 306 307 308 309 310 311 312 313 314 315 316 317 318 319 320 ], total weight: 3232

real	0m0.217s
user	0m0.217s
sys	0m0.000s
TestData/Generated_1_20/R320_40.clq
Grah of 320 vertices, 0 edges, density 0
Minimum weighted vertex cover: [ 6 14 37 43 45 48 54 61 64 83 85 87 89 97 105 109 114 116 131 145 156 174 181 198 201 212 226 258 259 261 276 277 282 290 305 317 318 319 ], total weight: 230

real	0m0.002s
user	0m0.002s
sys	0m0.000s
TestData/Generated_1_20/R320_5120.clq

real	10m0.001s
user	9m59.771s
sys	0m0.003s
TestData/Generated_1_20/R320_640.clq

real	10m0.001s
user	9m59.507s
sys	0m0.113s
TestData/Generated_1_20/R320_80.clq
Grah of 320 vertices, 0 edges, density 0
Minimum weighted vertex cover: [ 2 6 8 17 20 25 31 40 45 48 59 63 64 70 74 76 83 85 87 90 97 103 105 106 137 152 154 156 174 179 180 184 189 193 198 207 216 218 221 226 243 244 245 247 248 250 254 258 260 271 275 276 277 282 284 297 302 307 313 317 ], total weight: 410

real	0m0.003s
user	0m0.003s
sys	0m0.000s
